3071122178
143077368
143105103
2457015746
327351714
1154916302
2110113920
2118424119
3147828752
1549518734
862114667
324478662
55893418
3089227621
2335014325
2252314545
126728316
544519816
1429217440
236721537
260226571
2668421176
303889048
1549228634
1187826680
188482556
2053826183
1714212492
257386691
101318881
281302332
1430623246
53622451
255115382
1882710531
316252741
257323518
3217126445
87814191
316022797
42818680
1577228352
3011228946
117513081
597218221
268353018
656415701
2085217598
254051321
200117496
259657120
1302119205
15586525
293125038
838712132
487825980
192913322
25437438
